001            0.000     0.000     0.000
002            8.025    -0.024     0.353
003            4.060     6.766     1.197
004           -3.938     6.778     0.973
005           -7.892    -0.054    -0.248
006           -3.615    -7.101     3.021
007            4.003    -7.038    -0.694
008           16.039    -0.084     0.803
009           12.113     6.789     1.574
010            8.095    13.633     2.726
011            0.200    13.710     2.275
012           -7.908    13.695     2.123
013          -11.939     6.756     0.822
014          -16.024    -0.075     0.005
015          -10.924    -7.004     3.008
016           -7.810   -14.156     6.467
017           -3.184   -13.691     4.846
018            8.082   -14.001    -1.662
019           12.072    -7.095    -0.613
020           24.073    -0.043     1.485
021           20.130     6.694     2.405
022           16.074    13.617     3.134
023           12.141    20.809     4.183
024            4.109    20.762     3.826
025           -3.878    20.710     3.545
026          -11.876    20.659     3.378
027          -15.918    13.654     2.155
028          -19.903     6.788     1.167
029          -23.951    -0.158     0.487
030          -20.288    -7.018    -0.280
031          -17.401   -14.100     3.167
032          -12.305   -22.592     2.015
033           -4.018   -20.806     3.021
034            5.587   -20.984    -1.717
035           12.169   -21.086    -3.114
036           16.103   -14.026    -1.833
037           20.045    -7.050    -0.250
038           32.047     0.030     2.173
039           28.124     6.689     3.136
040           24.105    13.572     4.005
041           20.211    20.863     4.842
042           16.132    27.756     5.687
043            8.170    27.711     5.137
044            0.140    27.651     4.858
045           -7.876    27.580     4.596
046          -15.857    27.562     4.627
047          -19.852    20.632     3.440
048          -23.899    13.731     2.481
049          -28.035     6.899     1.446
050          -31.875    -0.184     0.910
051          -27.923    -7.125     0.048
052          -23.995   -14.067    -0.831
053          -21.722   -21.998    -1.517
054          -17.386   -26.129    -1.961
055           -7.959   -27.247    -2.949
056           -0.010   -27.907    -3.396
057            7.997   -27.988    -3.928
058           16.033   -27.830    -4.191
059           20.059   -20.943    -2.817
060           24.090   -13.982    -1.446
061           28.109    -7.003     0.382
062           40.056     0.068     2.716
063           36.149     6.665     3.891
064           32.170    13.580     4.552
065           28.179    20.863     5.595
066           24.140    27.805     6.294
067           20.092    34.645     7.060
068           12.089    34.620     6.491
069            4.073    34.577     6.070
070           -3.893    34.516     5.793
071          -11.954    34.485     5.768
072          -19.927    34.462     5.771
073          -23.915    27.486     4.886
074          -27.924    20.594     3.763
075          -32.042    13.805     2.811
076          -35.944     6.829     2.318
077          -39.860    -0.211     1.683
078          -35.922    -7.180     0.690
079          -31.934   -14.057    -0.255
080          -27.943   -21.119    -1.367
081          -23.894   -27.899    -2.037
082          -19.852   -35.097    -2.779
083          -11.937   -34.785    -3.369
084           -3.997   -34.820    -3.853
085            2.430   -34.780    -4.282
086           11.850   -36.407    -4.780
087           20.215   -32.599    -4.692
088           24.060   -27.845    -4.140
089           28.088   -20.898    -2.599
090           32.074   -13.941    -0.637
091           36.082    -7.008     1.070
092           48.059     0.063     3.282
093           44.137     6.623     4.511
094           40.051    13.580     5.552
095           36.156    20.934     6.278
096           32.173    27.866     7.146
097           28.050    34.696     8.152
098           24.045    41.630     8.863
099           16.030    41.565     7.979
100            8.057    41.573     7.488
101            0.025    41.510     7.087
102           -7.963    41.463     6.913
103          -15.979    41.425     6.976
104          -23.976    41.347     7.112
105          -27.946    34.393     6.237
106          -31.893    27.469     5.197
107          -35.885    20.547     4.266
108          -39.929    13.721     3.391
109          -43.895     6.802     2.707
110          -47.983    -0.284     4.416
111          -43.940    -7.197     4.374
112          -39.907   -14.047     1.055
113          -35.973   -21.080    -0.607
114          -31.909   -27.998    -1.486
115          -28.110   -31.540    -2.149
116          -23.752   -42.100    -2.733
117          -15.765   -41.951    -3.675
118           -7.909   -41.931    -4.245
119            0.007   -41.943    -4.936
120            8.025   -41.895    -5.176
121           16.007   -41.681    -5.804
122           23.995   -41.769    -5.666
123           28.015   -34.804    -5.045
124           32.003   -27.876    -3.892
125           36.049   -20.830    -2.023
126           40.122   -13.903    -0.243
127           44.102    -6.973     1.509
128           56.117     0.024     2.928
129           52.151     6.596     4.704
130           48.071    13.554     6.038
131           44.069    20.892     7.124
132           40.150    27.880     8.325
133           36.035    34.783     9.013
134           32.048    41.648     9.629
135           27.917    48.572    10.024
136           19.932    48.566     9.206
137           11.939    48.500     8.806
138            3.919    48.489     8.106
139           -4.077    48.437     7.976
140          -12.029    48.340     7.942
141          -20.023    48.328     8.154
142          -27.961    48.246     8.400
143          -31.970    41.322     7.599
144          -35.884    34.334     6.593
145          -39.853    27.396     5.902
146          -43.866    20.473     4.979
147          -47.935    13.657     4.168
148          -51.882     6.774     3.639
149          -55.971    -0.346     4.351
150          -51.988    -7.179     4.530
151          -47.992   -14.122     4.453
152          -43.872   -21.085     2.634
153          -39.818   -27.975    -0.373
154          -35.875   -34.705    -1.447
155          -31.643   -42.139    -1.900
156          -27.968   -49.026    -2.317
157          -20.003   -48.980    -3.158
158          -12.041   -48.928    56.930
159           -3.847   -48.863    -5.325
160            4.107   -48.836    -6.409
161           12.067   -48.875    -7.068
162           22.702   -48.712    -7.450
163           27.985   -48.730    -7.598
164           32.007   -42.699    -6.010
165           36.017   -34.791    -5.015
166           40.026   -27.818    -3.595
167           44.020   -20.751    -1.715
168           48.101   -13.823    -0.034
169           52.097    -6.922     1.483
170           64.102     0.206     1.805
171           60.206     6.576     4.143
172           56.075    13.512     6.040
173           52.202    21.002     7.758
174           48.148    28.006     8.622
175           44.102    34.889     9.567
176           40.044    41.714    10.352
177           35.909    48.700    10.747
178           31.913    55.762    10.972
179           23.877    55.565    10.201
180           15.933    55.511     9.454
181            7.945    55.449     9.060
182           -0.080    55.412     8.941
183           -8.035    55.352     8.367
184          -16.051    55.330     8.670
185          -24.034    55.278     8.587
186          -32.018    55.236    10.091
187          -35.989    48.221     8.471
188          -39.957    41.280     8.076
189          -43.881    34.328     7.307
190          -47.852    27.335     6.567
191          -51.921    20.444     5.868
192          -55.906    13.628     5.437
193          -59.839     6.718     4.666
194          -63.932    -0.370     5.677
195          -60.004    -7.173     4.404
196          -55.964   -14.130     4.469
197          -51.851   -21.011     2.672
198          -47.820   -27.980     2.804
199          -43.880   -34.724     2.717
200          -39.950   -43.511    -1.250
201          -35.826   -49.105    -2.139
202          -31.925   -56.006    -2.211
203          -23.404   -55.952    -2.740
204          -15.952   -55.898    -3.764
205           -9.189   -55.851    -4.812
206            0.074   -55.822    -6.221
207            8.042   -55.744    -7.406
208           16.037   -55.720    -8.134
209           22.534   -55.732    -8.531
210           31.975   -55.612    -9.228
211           35.962   -48.639    -6.752
212           39.929   -44.671    -6.395
213           44.114   -34.910    -5.105
214           48.046   -27.808    -3.328
215           52.420   -20.720    -1.715
216           56.084   -13.792    -0.377
217           60.059    -6.885     0.741
219           68.223     6.574     2.328
220           64.089    13.540     5.228
221           60.158    21.089     7.456
222           56.188    28.049     8.586
223           52.154    34.969     9.860
224           48.153    41.833    10.770
225           43.957    48.780    11.380
226           39.977    55.681    11.601
227           35.968    62.608    11.597
228           27.929    62.503    10.905
229           19.923    62.482    10.369
230           11.930    62.398     9.572
231            3.925    62.342     9.283
232           -4.015    62.337     9.202
233          -12.083    62.255     9.367
234          -20.040    62.258     9.646
235          -28.064    62.185    10.032
236          -36.049    62.111    10.573
237          -39.989    55.189    10.465
238          -43.992    48.191    10.221
239          -47.937    41.213     8.314
240          -51.785    34.278     8.061
241          -55.957    27.391     6.818
242          -59.887    20.406     6.985
243          -63.817    13.632     5.816
244          -67.815     6.649     6.003
245          -71.942    -0.434     5.670
246          -67.858    -7.284     5.763
247          -63.822   -14.239     5.670
248          -59.843   -21.051     2.689
249          -55.819   -28.032     2.755
250          -51.816   -34.661     2.731
251          -48.437   -39.282     0.598
252          -43.815   -47.974    -1.619
253          -39.137   -55.956    -2.125
254          -36.012   -63.005    -2.133
255          -27.958   -62.927    -2.527
256          -19.932   -62.895    -2.720
257          -11.945   -62.823    -4.825
258           -3.925   -62.785    -5.934
259            4.044   -62.728    -7.015
260           12.014   -62.720    -8.289
261           20.057   -62.648    -9.174
262           27.993   -62.596    -9.651
274           71.843    13.515     3.474
275           68.084    21.221     7.081
276           64.152    28.206     8.373
277           60.211    35.054    10.038
278           56.004    41.878    11.297
279           51.911    48.846    12.156
280           47.948    55.538    12.450
281           43.905    62.757    12.366
282           40.016    69.517    12.214
283           31.971    69.441    11.487
284           23.948    69.395    10.934
285           15.959    69.396    10.317
286            7.982    69.377     9.960
287           -0.012    69.336     9.688
288           -8.058    69.273     9.726
289          -16.121    69.207     9.573
290          -24.093    69.182    10.353
291          -32.001    69.115    10.824
292          -40.051    69.059    11.576
293          -44.008    62.100    11.230
294          -48.038    55.112    10.971
295          -52.010    48.103    10.617
296          -55.952    41.190    10.443
297          -59.841    34.178     9.484
298          -63.870    27.296     8.456
299          -67.884    20.367     8.189
300          -71.736    13.531     7.741
301          -75.752     6.917     7.437
302          -79.945    -0.464     5.683
303          -75.881    -7.350     5.740
304          -71.826   -14.266     5.717
305          -67.849   -21.038     3.169
306          -63.750   -28.006     3.902
307          -59.767   -34.636     2.710
308          -55.937   -41.803    -0.148
309          -51.816   -49.160    -1.224
310          -48.416   -56.142     0.391
311          -43.935   -65.563    -0.122
312          -40.002   -69.914    -1.256
313          -32.041   -69.848    -1.664
314          -24.122   -69.729    -3.828
315          -16.019   -69.728    -4.614
316           -8.040   -69.710    -5.781
317           -0.072   -69.664    -6.835
318            7.989   -69.598    -8.026
319           15.934   -69.596    -9.083
320           23.963   -69.530   -10.057
355          -48.024    69.027    12.213
356          -52.003    62.072    11.966
357          -55.999    55.056    11.737
358          -59.981    48.080    11.364
359          -63.950    41.123    10.786
360          -67.910    34.203    10.651
361          -71.870    27.207    10.687
362          -75.788    20.242     9.679
363          -79.786    13.910     8.794
364          -83.730     6.932     8.802
367          -79.857   -14.316     5.686
368          -75.756   -21.216     3.279
369          -71.756   -28.061     3.989
370          -67.693   -35.010     3.986
371          -64.001   -42.361     1.801
372          -59.807   -50.298    -0.026
373          -55.895   -56.145    -0.462
374          -49.834   -63.080     0.640
375          -48.034   -69.892    -0.778
404           72.058    41.889    10.794
406           63.945    55.224    13.077
408           55.949    69.593    13.492
410           47.739    83.614    12.652
412           31.799    83.392    11.229
414           15.755    83.283    10.065
416           -0.201    83.156     9.352
418          -16.238    83.063     9.464
420          -32.201    82.999    10.510
422          -48.069    82.943    12.191
424          -55.994    69.002    13.107
425          -59.992    62.023    12.708
426          -64.010    55.013    12.498
427          -68.023    48.026    12.210
428          -71.927    41.095    11.786
429          -75.899    34.136    11.433
430          -79.839    27.196    11.249
431          -83.877    20.268    11.162
432          -87.509    13.895    10.961
438          -79.768   -28.173     3.953
439          -75.681   -35.034     4.000
440          -71.924   -42.513     1.979
441          -68.021   -46.553     0.138
442          -63.982   -56.229     0.768
499          -63.983    68.989    13.718
500          -67.959    62.009    13.831
501          -71.942    54.979    13.384
502          -76.056    47.961    13.122
503          -79.925    41.038    12.881
504          -83.961    34.128    12.428
505          -87.847    27.205    12.405
506          -91.851    20.184    12.175
507          -95.499    13.897    11.994
515          -80.024   -42.587     2.195
516          -75.816   -49.297     0.735
578          -63.991    82.970    13.603
580          -71.929    68.965    14.280
581          -75.946    61.979    14.497
582          -80.061    54.959    14.498
583          -84.005    47.901    14.055
584          -87.872    40.982    13.898
585          -91.972    34.076    13.689
586          -95.830    27.186    13.654
587          -99.916    20.104    13.501
